chess-seq-03.ply: 0.01810362996151811 0.015925634347015653
fire-seq-03.ply: 0.005309654787285329 0.009716069350314216
heads-seq-01.ply: 0.015541468247800522 0.024301755014011005
office-seq-02.ply: 0.037589999448650505 0.028765282314363566
office-seq-06.ply: 0.02870049176486398 0.05696163752006436
office-seq-07.ply: 0.011351187147038424 0.01632896476793879
office-seq-09.ply: 0.344456811104019 0.22861817466754997
pumpkin-seq-01.ply: 0.009016593856726901 0.012877488997154666
redkitchen-seq-03.ply: 0.011746197185200702 0.05249030023414829
redkitchen-seq-04.ply: 0.01504188331099048 0.0274403335733716
redkitchen-seq-06.ply: 0.02964927415175106 0.02724476090144179
redkitchen-seq-12.ply: 0.014845807719855272 0.02563327213184896
redkitchen-seq-14.ply: 0.008817168050297487 0.023299645617521736
stairs-seq-01.ply: 0.012634526025846346 0.025157755883417496
